10,186
10,218
10,286
10,254
10,72
10,208
10,188
10,2
10,3
11,26
11,6
11,10
9,7
9,2
9,3
8,6
8,14
8,13
8,2
8,3
12,2
12,1
12,3
496,8
496,7
496,1
491,7
491,4
491,1
437,0
420,6
420,5
420,4
420,3
420,2
420,1
420,0
419,5
419,4
419,3
419,2
419,1
419,0
412,6
412,5
412,4
412,3
412,2
412,1
412,0
407,6
407,5
407,4
407,3
407,2
407,1
407,0
406,5
406,4
406,3
406,2
406,1
406,0
405,5
405,4
405,3
405,2
405,1
405,0
404,4
404,3
404,2
404,1
404,0
403,5
403,4
403,3
403,2
403,1
403,0
402,3
402,2
402,1
402,0
391,5
391,1
384,5
384,1
369,5
369,4
369,1
368,5
368,4
368,1
367,5
367,4
367,1
366,5
366,4
366,1
362,4
362,1
349,5
349,1
345,5
345,1
341,5
341,1
337,5
337,1
293,5
293,1
266,6
266,1
264,5
264,1
253,5
253,1
244,6
244,5
244,4
244,1
239,6
239,1
194,5
194,1
187,3
187,1
123,5
123,1
100,5
100,1
43,5
43,4
43,3
43,1
42,3
42,1
20,3
20,2
20,1
19,3
19,2
19,1
18,3
18,1
14,7
14,5
14,3
14,1
13,1
